# Centrality, <Npart>, <dNch/deta>, <dNch/deta>/(<Npart>/2), renormed <dNch/deta>, renormed <dNch/deta>/(<Npart>/2)
0.500 404.266 1993.122 9.860 2112.710 10.452
1.500 396.102 1882.137 9.503 1995.065 10.073
2.500 385.943 1803.619 9.347 1911.836 9.907
3.500 375.648 1731.341 9.218 1835.222 9.771
4.500 365.191 1662.970 9.107 1762.748 9.654
5.500 354.440 1597.974 9.017 1693.853 9.558
6.500 343.968 1536.242 8.932 1628.416 9.468
7.500 333.835 1478.254 8.856 1566.949 9.388
8.500 323.822 1422.000 8.783 1507.321 9.310
9.500 313.955 1367.618 8.712 1449.675 9.235
10.500 304.272 1316.830 8.656 1395.840 9.175
11.500 294.812 1267.357 8.598 1343.398 9.114
12.500 285.666 1220.170 8.543 1293.380 9.055
13.500 276.756 1175.264 8.493 1245.780 9.003
14.500 268.017 1132.075 8.448 1199.999 8.955
15.500 259.449 1089.786 8.401 1155.173 8.905
16.500 251.183 1049.143 8.354 1112.091 8.855
17.500 243.243 1009.326 8.299 1069.886 8.797
18.500 235.556 971.839 8.251 1030.150 8.747
19.500 228.012 935.534 8.206 991.666 8.698
20.500 220.434 900.687 8.172 954.728 8.662
21.500 213.222 866.553 8.128 918.546 8.616
22.500 206.178 833.348 8.084 883.348 8.569
23.500 199.313 801.470 8.042 849.558 8.525
24.500 192.466 769.963 8.001 816.161 8.481
25.500 185.887 739.831 7.960 784.221 8.438
26.500 179.442 710.782 7.922 753.429 8.397
27.500 173.261 682.512 7.878 723.463 8.351
28.500 167.307 654.682 7.826 693.963 8.296
29.500 161.369 628.133 7.785 665.821 8.252
30.500 155.520 602.053 7.742 638.176 8.207
31.500 149.810 577.347 7.708 611.988 8.170
32.500 144.462 553.398 7.662 586.602 8.121
33.500 139.045 530.121 7.625 561.929 8.083
34.500 133.881 507.604 7.583 538.060 8.038
35.500 128.731 485.646 7.545 514.785 7.998
36.500 123.838 464.484 7.501 492.353 7.952
37.500 119.113 444.054 7.456 470.697 7.903
38.500 114.370 424.611 7.425 450.088 7.871
39.500 109.680 405.547 7.395 429.880 7.839
40.500 105.370 387.313 7.351 410.551 7.793
41.500 101.043 369.491 7.314 391.661 7.752
42.500 96.887 352.231 7.271 373.365 7.707
43.500 92.795 335.458 7.230 355.586 7.664
44.500 88.839 319.246 7.187 338.400 7.618
45.500 85.046 303.467 7.137 321.675 7.565
46.500 81.280 288.212 7.092 305.505 7.517
47.500 77.637 273.514 7.046 289.924 7.469
48.500 74.139 259.355 6.996 274.917 7.416
49.500 70.675 245.679 6.952 260.420 7.369
50.500 67.335 232.621 6.909 246.578 7.324
51.500 64.108 220.171 6.869 233.381 7.281
52.500 61.048 207.987 6.814 220.466 7.223
53.500 58.051 196.268 6.762 208.044 7.168
54.500 55.124 185.009 6.712 196.109 7.115
55.500 52.308 173.998 6.653 184.438 7.052
56.500 49.620 163.416 6.587 173.221 6.982
57.500 46.993 153.385 6.528 162.588 6.920
58.500 44.436 143.807 6.473 152.436 6.861
59.500 42.091 134.531 6.392 142.602 6.776
60.500 39.793 125.748 6.320 133.293 6.699
61.500 37.511 117.306 6.254 124.344 6.630
62.500 35.373 109.184 6.173 115.735 6.544
63.500 33.303 101.433 6.091 107.519 6.457
64.500 31.300 94.070 6.011 99.714 6.372
65.500 29.431 87.107 5.919 92.333 6.275
66.500 27.623 80.549 5.832 85.382 6.182
67.500 25.817 74.288 5.755 78.746 6.100
68.500 24.231 68.246 5.633 72.341 5.971
69.500 22.610 62.523 5.530 66.274 5.862
70.500 21.034 57.154 5.435 60.583 5.761
71.500 19.626 52.125 5.312 55.253 5.631
72.500 18.248 47.406 5.196 50.250 5.507
73.500 16.982 42.996 5.064 45.576 5.368
74.500 15.733 38.889 4.944 41.222 5.240
75.500 14.547 34.988 4.810 37.087 5.099
76.500 13.487 31.404 4.657 33.288 4.936
77.500 12.479 28.047 4.495 29.730 4.765
78.500 11.523 24.992 4.338 26.491 4.598
79.500 10.622 22.107 4.163 23.434 4.412
