# Centrality, <Npart>, <dNch/deta>, <dNch/deta>/(<Npart>/2), renormed <dNch/deta>, renormed <dNch/deta>/(<Npart>/2)
0.500 248.658 1298.518 10.444 1376.429 11.071
1.500 244.258 1219.671 9.987 1292.851 10.586
2.500 238.609 1168.555 9.795 1238.668 10.382
3.500 232.827 1123.305 9.649 1190.704 10.228
4.500 226.893 1080.421 9.524 1145.246 10.095
5.500 220.767 1039.861 9.420 1102.253 9.986
6.500 214.744 1000.591 9.319 1060.627 9.878
7.500 208.732 962.823 9.225 1020.592 9.779
8.500 202.678 926.573 9.143 982.167 9.692
9.500 196.788 891.960 9.065 945.477 9.609
10.500 191.056 858.657 8.989 910.177 9.528
11.500 185.348 826.610 8.920 876.207 9.455
12.500 179.735 795.737 8.855 843.481 9.386
13.500 174.206 765.918 8.793 811.873 9.321
14.500 168.786 736.999 8.733 781.219 9.257
15.500 163.451 709.431 8.681 751.997 9.201
16.500 158.439 682.960 8.621 723.938 9.138
17.500 153.422 657.103 8.566 696.529 9.080
18.500 148.500 632.335 8.516 670.275 9.027
19.500 143.650 608.239 8.468 644.734 8.976
20.500 139.062 584.998 8.414 620.098 8.918
21.500 134.399 562.627 8.373 596.384 8.875
22.500 129.906 541.043 8.330 573.506 8.830
23.500 125.499 519.887 8.285 551.081 8.782
24.500 121.304 499.317 8.232 529.276 8.726
25.500 117.250 479.578 8.180 508.352 8.671
26.500 113.155 460.439 8.138 488.065 8.626
27.500 109.105 441.704 8.097 468.206 8.583
28.500 105.304 423.603 8.045 449.019 8.528
29.500 101.425 406.283 8.012 430.660 8.492
30.500 97.832 389.434 7.961 412.800 8.439
31.500 94.298 373.058 7.912 395.441 8.387
32.500 90.693 357.127 7.876 378.554 8.348
33.500 87.384 341.788 7.823 362.295 8.292
34.500 84.138 327.001 7.773 346.621 8.239
35.500 80.897 312.709 7.731 331.472 8.195
36.500 77.662 299.054 7.701 316.997 8.164
37.500 74.705 285.820 7.652 302.969 8.111
38.500 71.816 272.954 7.601 289.331 8.058
39.500 68.889 260.478 7.562 276.106 8.016
40.500 66.066 248.421 7.520 263.327 7.972
41.500 63.361 236.775 7.474 250.981 7.922
42.500 60.669 225.611 7.437 239.148 7.884
43.500 58.126 214.733 7.389 227.617 7.832
44.500 55.615 204.171 7.342 216.422 7.783
45.500 53.344 193.996 7.273 205.636 7.710
46.500 50.969 184.208 7.228 195.260 7.662
47.500 48.763 174.782 7.169 185.269 7.599
48.500 46.531 165.739 7.124 175.683 7.551
49.500 44.326 156.845 7.077 166.256 7.501
50.500 42.298 148.243 7.009 157.137 7.430
51.500 40.345 140.089 6.945 148.494 7.361
52.500 38.433 132.203 6.880 140.135 7.293
53.500 36.578 124.681 6.817 132.161 7.226
54.500 34.794 117.507 6.755 124.558 7.160
55.500 33.086 110.642 6.688 117.280 7.089
56.500 31.419 104.021 6.621 110.263 7.019
57.500 29.849 97.636 6.542 103.495 6.935
58.500 28.316 91.537 6.465 97.029 6.853
59.500 26.782 85.725 6.402 90.868 6.786
60.500 25.354 80.090 6.318 84.895 6.697
61.500 24.030 74.763 6.222 79.249 6.596
62.500 22.676 69.677 6.145 73.858 6.514
63.500 21.450 64.826 6.044 68.716 6.407
64.500 20.184 60.169 5.962 63.779 6.320
65.500 18.996 55.765 5.871 59.111 6.224
66.500 17.913 51.598 5.761 54.694 6.107
67.500 16.849 47.661 5.657 50.521 5.997
68.500 15.808 43.885 5.552 46.518 5.886
69.500 14.829 40.349 5.442 42.770 5.769
70.500 13.937 36.990 5.308 39.209 5.627
71.500 12.981 33.819 5.210 35.848 5.523
72.500 12.160 30.858 5.075 32.710 5.380
73.500 11.384 28.086 4.934 29.771 5.231
74.500 10.742 25.503 4.748 27.033 5.033
75.500 9.964 23.080 4.633 24.465 4.911
76.500 9.190 20.793 4.525 22.040 4.797
77.500 8.778 18.675 4.255 19.795 4.510
78.500 7.992 16.711 4.182 17.714 4.433
79.500 7.471 14.864 3.979 15.756 4.218
